4294A REV1.11
"DATE:     20 -100"


"MEASURE PARAMETER: IMPEDANCE MAG PHASE (DEG)"
"ADAPTER: NONE"
"SWEEP TYPE: LOG FREQ"
"NUMBER of POINTS: 201"
"POINT DELAY TIME:  0 Sec"
"SWEEP DELAY TIME:  0 Sec"
"OSC LEVEL:  500 mVolt"
"DC BIAS: OFF"
"BW: 5"
"SWEEP AVERAGING: 1"
"POINT AVERAGING: 4"


"TRACE: A"
"FORMAT: LINEAR"

"Frequency"	"Data Trace Real"	"Data Trace Imag"
4.00000000000e+01	1.805123e-03	0.000000e+00
4.29090000000e+01	1.832235e-03	0.000000e+00
4.60290000000e+01	1.827714e-03	0.000000e+00
4.93760000000e+01	1.989909e-03	0.000000e+00
5.29660000000e+01	1.997678e-03	0.000000e+00
5.68180000000e+01	2.203105e-03	0.000000e+00
6.09490000000e+01	2.133710e-03	0.000000e+00
6.53810000000e+01	2.281835e-03	0.000000e+00
7.01350000000e+01	2.446095e-03	0.000000e+00
7.52350000000e+01	2.627470e-03	0.000000e+00
8.07060000000e+01	2.715535e-03	0.000000e+00
8.65750000000e+01	2.962511e-03	0.000000e+00
9.28700000000e+01	3.218181e-03	0.000000e+00
9.96230000000e+01	3.365467e-03	0.000000e+00
1.06867000000e+02	3.530851e-03	0.000000e+00
1.14638000000e+02	3.715171e-03	0.000000e+00
1.22974000000e+02	3.952388e-03	0.000000e+00
1.31916000000e+02	4.254310e-03	0.000000e+00
1.41508000000e+02	4.511463e-03	0.000000e+00
1.51798000000e+02	4.838740e-03	0.000000e+00
1.62836000000e+02	5.030433e-03	0.000000e+00
1.74677000000e+02	5.572415e-03	0.000000e+00
1.87379000000e+02	5.897152e-03	0.000000e+00
2.01004000000e+02	6.192434e-03	0.000000e+00
2.15620000000e+02	6.660594e-03	0.000000e+00
2.31299000000e+02	7.102915e-03	0.000000e+00
2.48118000000e+02	7.612806e-03	0.000000e+00
2.66160000000e+02	8.095114e-03	0.000000e+00
2.85514000000e+02	8.669275e-03	0.000000e+00
3.06275000000e+02	9.296359e-03	0.000000e+00
3.28546000000e+02	1.001361e-02	0.000000e+00
3.52437000000e+02	1.067878e-02	0.000000e+00
3.78064000000e+02	1.150945e-02	0.000000e+00
4.05555000000e+02	1.224823e-02	0.000000e+00
4.35046000000e+02	1.314682e-02	0.000000e+00
4.66680000000e+02	1.411232e-02	0.000000e+00
5.00615000000e+02	1.513577e-02	0.000000e+00
5.37017000000e+02	1.625367e-02	0.000000e+00
5.76067000000e+02	1.747211e-02	0.000000e+00
6.17956000000e+02	1.870840e-02	0.000000e+00
6.62891000000e+02	1.998594e-02	0.000000e+00
7.11093000000e+02	2.148565e-02	0.000000e+00
7.62801000000e+02	2.293270e-02	0.000000e+00
8.18268000000e+02	2.460384e-02	0.000000e+00
8.77769000000e+02	2.641876e-02	0.000000e+00
9.41596000000e+02	2.835247e-02	0.000000e+00
1.01006500000e+03	3.033327e-02	0.000000e+00
1.08351200000e+03	3.255023e-02	0.000000e+00
1.16230000000e+03	3.489954e-02	0.000000e+00
1.24681800000e+03	3.746824e-02	0.000000e+00
1.33748100000e+03	4.004456e-02	0.000000e+00
1.43473600000e+03	4.295094e-02	0.000000e+00
1.53906400000e+03	4.603555e-02	0.000000e+00
1.65097700000e+03	4.941960e-02	0.000000e+00
1.77102900000e+03	5.292369e-02	0.000000e+00
1.89981000000e+03	5.667236e-02	0.000000e+00
2.03795600000e+03	6.081179e-02	0.000000e+00
2.18614700000e+03	6.516703e-02	0.000000e+00
2.34511400000e+03	6.980731e-02	0.000000e+00
2.51564000000e+03	7.482631e-02	0.000000e+00
2.69856600000e+03	8.022070e-02	0.000000e+00
2.89479300000e+03	8.597897e-02	0.000000e+00
3.10529000000e+03	9.211002e-02	0.000000e+00
3.33109200000e+03	9.882430e-02	0.000000e+00
3.57331400000e+03	1.058560e-01	0.000000e+00
3.83314900000e+03	1.134640e-01	0.000000e+00
4.11187900000e+03	1.217120e-01	0.000000e+00
4.41087600000e+03	1.304756e-01	0.000000e+00
4.73161500000e+03	1.397676e-01	0.000000e+00
5.07567700000e+03	1.499092e-01	0.000000e+00
5.44475700000e+03	1.607106e-01	0.000000e+00
5.84067500000e+03	1.722873e-01	0.000000e+00
6.26538300000e+03	1.847118e-01	0.000000e+00
6.72097300000e+03	1.980246e-01	0.000000e+00
7.20969200000e+03	2.123338e-01	0.000000e+00
7.73394800000e+03	2.276594e-01	0.000000e+00
8.29632600000e+03	2.440198e-01	0.000000e+00
8.89959700000e+03	2.617149e-01	0.000000e+00
9.54673600000e+03	2.805340e-01	0.000000e+00
1.02409310000e+04	3.007014e-01	0.000000e+00
1.09856050000e+04	3.223739e-01	0.000000e+00
1.17844290000e+04	3.456882e-01	0.000000e+00
1.26413400000e+04	3.705913e-01	0.000000e+00
1.35605610000e+04	3.974057e-01	0.000000e+00
1.45466230000e+04	4.260924e-01	0.000000e+00
1.56043880000e+04	4.567867e-01	0.000000e+00
1.67390690000e+04	4.899166e-01	0.000000e+00
1.79562580000e+04	5.251967e-01	0.000000e+00
1.92619560000e+04	5.631684e-01	0.000000e+00
2.06625990000e+04	6.038665e-01	0.000000e+00
2.21650900000e+04	6.474820e-01	0.000000e+00
2.37768350000e+04	6.942776e-01	0.000000e+00
2.55057790000e+04	7.445043e-01	0.000000e+00
2.73604440000e+04	7.983282e-01	0.000000e+00
2.93499720000e+04	8.560692e-01	0.000000e+00
3.14841700000e+04	9.180117e-01	0.000000e+00
3.37735570000e+04	9.843931e-01	0.000000e+00
3.62294170000e+04	1.055600e+00	0.000000e+00
3.88638570000e+04	1.131937e+00	0.000000e+00
4.16898610000e+04	1.213715e+00	0.000000e+00
4.47213600000e+04	1.301458e+00	0.000000e+00
4.79732950000e+04	1.395661e+00	0.000000e+00
5.14616960000e+04	1.496570e+00	0.000000e+00
5.52037590000e+04	1.604776e+00	0.000000e+00
5.92179270000e+04	1.720724e+00	0.000000e+00
6.35239870000e+04	1.845211e+00	0.000000e+00
6.81431650000e+04	1.978555e+00	0.000000e+00
7.30982280000e+04	2.121553e+00	0.000000e+00
7.84136010000e+04	2.274907e+00	0.000000e+00
8.41154840000e+04	2.439068e+00	0.000000e+00
9.02319820000e+04	2.615308e+00	0.000000e+00
9.67932450000e+04	2.804127e+00	0.000000e+00
1.03831612000e+05	3.006391e+00	0.000000e+00
1.11381779000e+05	3.223521e+00	0.000000e+00
1.19480959000e+05	3.456087e+00	0.000000e+00
1.28169075000e+05	3.705286e+00	0.000000e+00
1.37488951000e+05	3.972812e+00	0.000000e+00
1.47486527000e+05	4.259653e+00	0.000000e+00
1.58211081000e+05	4.567110e+00	0.000000e+00
1.69715477000e+05	4.896425e+00	0.000000e+00
1.82056420000e+05	5.249663e+00	0.000000e+00
1.95294741000e+05	5.628463e+00	0.000000e+00
2.09495693000e+05	6.034898e+00	0.000000e+00
2.24729274000e+05	6.470873e+00	0.000000e+00
2.41070573000e+05	6.938354e+00	0.000000e+00
2.58600136000e+05	7.439935e+00	0.000000e+00
2.77404371000e+05	7.977921e+00	0.000000e+00
2.97575964000e+05	8.555886e+00	0.000000e+00
3.19214345000e+05	9.176186e+00	0.000000e+00
3.42426171000e+05	9.841703e+00	0.000000e+00
3.67325856000e+05	1.055619e+01	0.000000e+00
3.94036134000e+05	1.132343e+01	0.000000e+00
4.22688663000e+05	1.214727e+01	0.000000e+00
4.53424675000e+05	1.303268e+01	0.000000e+00
4.86395670000e+05	1.398323e+01	0.000000e+00
5.21764167000e+05	1.500545e+01	0.000000e+00
5.59704502000e+05	1.610425e+01	0.000000e+00
6.00403687000e+05	1.728615e+01	0.000000e+00
6.44062332000e+05	1.855788e+01	0.000000e+00
6.90895637000e+05	1.992631e+01	0.000000e+00
7.41134449000e+05	2.140006e+01	0.000000e+00
7.95026400000e+05	2.298533e+01	0.000000e+00
8.52837131000e+05	2.469549e+01	0.000000e+00
9.14851597000e+05	2.653186e+01	0.000000e+00
9.81375475000e+05	2.850390e+01	0.000000e+00
1.05273666900e+06	3.062247e+01	0.000000e+00
1.12928692700e+06	3.294536e+01	0.000000e+00
1.21140357500e+06	3.542294e+01	0.000000e+00
1.29949137400e+06	3.809449e+01	0.000000e+00
1.39398452000e+06	4.098739e+01	0.000000e+00
1.49534878100e+06	4.411179e+01	0.000000e+00
1.60408379400e+06	4.750710e+01	0.000000e+00
1.72072552600e+06	5.118341e+01	0.000000e+00
1.84584891800e+06	5.517874e+01	0.000000e+00
1.98007071800e+06	5.952694e+01	0.000000e+00
2.12405252200e+06	6.426780e+01	0.000000e+00
2.27850403200e+06	6.943370e+01	0.000000e+00
2.44418655900e+06	7.508365e+01	0.000000e+00
2.62191677200e+06	8.128119e+01	0.000000e+00
2.81257072300e+06	8.809888e+01	0.000000e+00
3.01708816800e+06	9.562363e+01	0.000000e+00
3.23647719900e+06	1.039729e+02	0.000000e+00
3.47181921000e+06	1.132841e+02	0.000000e+00
3.72427423000e+06	1.237259e+02	0.000000e+00
3.99508663900e+06	1.355260e+02	0.000000e+00
4.28559130300e+06	1.489475e+02	0.000000e+00
4.59722015600e+06	1.643784e+02	0.000000e+00
4.93150925100e+06	1.822854e+02	0.000000e+00
5.29010634100e+06	2.033094e+02	0.000000e+00
5.67477899200e+06	2.283897e+02	0.000000e+00
6.08742330200e+06	2.587951e+02	0.000000e+00
6.53007324300e+06	2.963284e+02	0.000000e+00
7.00491068900e+06	3.436933e+02	0.000000e+00
7.51427617100e+06	4.049971e+02	0.000000e+00
8.06068041100e+06	4.863640e+02	0.000000e+00
8.64681670100e+06	5.965052e+02	0.000000e+00
9.27557417600e+06	7.429313e+02	0.000000e+00
9.95005205500e+06	9.127545e+02	0.000000e+00
1.06735749220e+07	1.024004e+03	0.000000e+00
1.14497091040e+07	9.727165e+02	0.000000e+00
1.22822802610e+07	8.158181e+02	0.000000e+00
1.31753922340e+07	6.607720e+02	0.000000e+00
1.41334472770e+07	5.399705e+02	0.000000e+00
1.51611677580e+07	4.498403e+02	0.000000e+00
1.62636194330e+07	3.819127e+02	0.000000e+00
1.74462364160e+07	3.295591e+02	0.000000e+00
1.87148479680e+07	2.882470e+02	0.000000e+00
2.00757072240e+07	2.549174e+02	0.000000e+00
2.15355220230e+07	2.273416e+02	0.000000e+00
2.31014879630e+07	2.042133e+02	0.000000e+00
2.47813238760e+07	1.845385e+02	0.000000e+00
2.65833098740e+07	1.675894e+02	0.000000e+00
2.85163281580e+07	1.528234e+02	0.000000e+00
3.05899068060e+07	1.398458e+02	0.000000e+00
3.28142667320e+07	1.283452e+02	0.000000e+00
3.52003720690e+07	1.180763e+02	0.000000e+00
3.77599842150e+07	1.088638e+02	0.000000e+00
4.05057198010e+07	1.005512e+02	0.000000e+00
4.34511128830e+07	9.301043e+01	0.000000e+00
4.66106816530e+07	8.614909e+01	0.000000e+00
5.00000000000e+07	7.987160e+01	0.000000e+00


"TRACE: B"
"FORMAT: LINEAR"

"Frequency"	"Data Trace Real"	"Data Trace Imag"
4.00000000000e+01	5.299679e+01	0.000000e+00
4.29090000000e+01	4.785608e+01	0.000000e+00
4.60290000000e+01	5.094934e+01	0.000000e+00
4.93760000000e+01	5.021849e+01	0.000000e+00
5.29660000000e+01	5.473442e+01	0.000000e+00
5.68180000000e+01	5.614448e+01	0.000000e+00
6.09490000000e+01	5.582699e+01	0.000000e+00
6.53810000000e+01	5.617591e+01	0.000000e+00
7.01350000000e+01	6.002282e+01	0.000000e+00
7.52350000000e+01	6.177102e+01	0.000000e+00
8.07060000000e+01	6.332796e+01	0.000000e+00
8.65750000000e+01	6.761063e+01	0.000000e+00
9.28700000000e+01	6.832945e+01	0.000000e+00
9.96230000000e+01	6.791097e+01	0.000000e+00
1.06867000000e+02	7.131066e+01	0.000000e+00
1.14638000000e+02	7.135284e+01	0.000000e+00
1.22974000000e+02	7.185460e+01	0.000000e+00
1.31916000000e+02	7.324360e+01	0.000000e+00
1.41508000000e+02	7.478248e+01	0.000000e+00
1.51798000000e+02	7.522174e+01	0.000000e+00
1.62836000000e+02	7.666588e+01	0.000000e+00
1.74677000000e+02	7.639491e+01	0.000000e+00
1.87379000000e+02	7.823070e+01	0.000000e+00
2.01004000000e+02	7.820882e+01	0.000000e+00
2.15620000000e+02	7.847858e+01	0.000000e+00
2.31299000000e+02	7.976213e+01	0.000000e+00
2.48118000000e+02	8.081789e+01	0.000000e+00
2.66160000000e+02	8.044551e+01	0.000000e+00
2.85514000000e+02	8.104562e+01	0.000000e+00
3.06275000000e+02	8.135677e+01	0.000000e+00
3.28546000000e+02	8.211466e+01	0.000000e+00
3.52437000000e+02	8.267868e+01	0.000000e+00
3.78064000000e+02	8.301847e+01	0.000000e+00
4.05555000000e+02	8.380385e+01	0.000000e+00
4.35046000000e+02	8.397974e+01	0.000000e+00
4.66680000000e+02	8.450819e+01	0.000000e+00
5.00615000000e+02	8.500701e+01	0.000000e+00
5.37017000000e+02	8.497763e+01	0.000000e+00
5.76067000000e+02	8.557814e+01	0.000000e+00
6.17956000000e+02	8.556479e+01	0.000000e+00
6.62891000000e+02	8.585662e+01	0.000000e+00
7.11093000000e+02	8.603088e+01	0.000000e+00
7.62801000000e+02	8.638097e+01	0.000000e+00
8.18268000000e+02	8.643644e+01	0.000000e+00
8.77769000000e+02	8.653349e+01	0.000000e+00
9.41596000000e+02	8.687477e+01	0.000000e+00
1.01006500000e+03	8.708174e+01	0.000000e+00
1.08351200000e+03	8.700243e+01	0.000000e+00
1.16230000000e+03	8.727535e+01	0.000000e+00
1.24681800000e+03	8.736478e+01	0.000000e+00
1.33748100000e+03	8.747282e+01	0.000000e+00
1.43473600000e+03	8.762688e+01	0.000000e+00
1.53906400000e+03	8.769424e+01	0.000000e+00
1.65097700000e+03	8.773572e+01	0.000000e+00
1.77102900000e+03	8.790096e+01	0.000000e+00
1.89981000000e+03	8.797757e+01	0.000000e+00
2.03795600000e+03	8.799710e+01	0.000000e+00
2.18614700000e+03	8.810513e+01	0.000000e+00
2.34511400000e+03	8.813329e+01	0.000000e+00
2.51564000000e+03	8.827739e+01	0.000000e+00
2.69856600000e+03	8.834160e+01	0.000000e+00
2.89479300000e+03	8.838428e+01	0.000000e+00
3.10529000000e+03	8.843256e+01	0.000000e+00
3.33109200000e+03	8.850758e+01	0.000000e+00
3.57331400000e+03	8.856268e+01	0.000000e+00
3.83314900000e+03	8.864050e+01	0.000000e+00
4.11187900000e+03	8.868819e+01	0.000000e+00
4.41087600000e+03	8.871939e+01	0.000000e+00
4.73161500000e+03	8.876289e+01	0.000000e+00
5.07567700000e+03	8.880029e+01	0.000000e+00
5.44475700000e+03	8.884035e+01	0.000000e+00
5.84067500000e+03	8.887668e+01	0.000000e+00
6.26538300000e+03	8.891313e+01	0.000000e+00
6.72097300000e+03	8.892664e+01	0.000000e+00
7.20969200000e+03	8.896159e+01	0.000000e+00
7.73394800000e+03	8.898805e+01	0.000000e+00
8.29632600000e+03	8.902281e+01	0.000000e+00
8.89959700000e+03	8.904092e+01	0.000000e+00
9.54673600000e+03	8.905290e+01	0.000000e+00
1.02409310000e+04	8.908029e+01	0.000000e+00
1.09856050000e+04	8.910029e+01	0.000000e+00
1.17844290000e+04	8.911431e+01	0.000000e+00
1.26413400000e+04	8.915005e+01	0.000000e+00
1.35605610000e+04	8.916422e+01	0.000000e+00
1.45466230000e+04	8.919346e+01	0.000000e+00
1.56043880000e+04	8.920221e+01	0.000000e+00
1.67390690000e+04	8.922279e+01	0.000000e+00
1.79562580000e+04	8.923285e+01	0.000000e+00
1.92619560000e+04	8.925797e+01	0.000000e+00
2.06625990000e+04	8.927387e+01	0.000000e+00
2.21650900000e+04	8.928584e+01	0.000000e+00
2.37768350000e+04	8.930142e+01	0.000000e+00
2.55057790000e+04	8.931738e+01	0.000000e+00
2.73604440000e+04	8.932023e+01	0.000000e+00
2.93499720000e+04	8.933273e+01	0.000000e+00
3.14841700000e+04	8.934838e+01	0.000000e+00
3.37735570000e+04	8.935351e+01	0.000000e+00
3.62294170000e+04	8.936330e+01	0.000000e+00
3.88638570000e+04	8.937360e+01	0.000000e+00
4.16898610000e+04	8.937338e+01	0.000000e+00
4.47213600000e+04	8.937645e+01	0.000000e+00
4.79732950000e+04	8.937582e+01	0.000000e+00
5.14616960000e+04	8.937533e+01	0.000000e+00
5.52037590000e+04	8.937469e+01	0.000000e+00
5.92179270000e+04	8.937940e+01	0.000000e+00
6.35239870000e+04	8.937750e+01	0.000000e+00
6.81431650000e+04	8.937195e+01	0.000000e+00
7.30982280000e+04	8.936858e+01	0.000000e+00
7.84136010000e+04	8.936530e+01	0.000000e+00
8.41154840000e+04	8.936185e+01	0.000000e+00
9.02319820000e+04	8.936282e+01	0.000000e+00
9.67932450000e+04	8.935630e+01	0.000000e+00
1.03831612000e+05	8.935185e+01	0.000000e+00
1.11381779000e+05	8.935137e+01	0.000000e+00
1.19480959000e+05	8.935087e+01	0.000000e+00
1.28169075000e+05	8.935016e+01	0.000000e+00
1.37488951000e+05	8.934695e+01	0.000000e+00
1.47486527000e+05	8.934741e+01	0.000000e+00
1.58211081000e+05	8.935052e+01	0.000000e+00
1.69715477000e+05	8.935799e+01	0.000000e+00
1.82056420000e+05	8.936252e+01	0.000000e+00
1.95294741000e+05	8.936946e+01	0.000000e+00
2.09495693000e+05	8.937233e+01	0.000000e+00
2.24729274000e+05	8.937711e+01	0.000000e+00
2.41070573000e+05	8.938226e+01	0.000000e+00
2.58600136000e+05	8.939328e+01	0.000000e+00
2.77404371000e+05	8.940886e+01	0.000000e+00
2.97575964000e+05	8.942289e+01	0.000000e+00
3.19214345000e+05	8.943470e+01	0.000000e+00
3.42426171000e+05	8.945068e+01	0.000000e+00
3.67325856000e+05	8.946041e+01	0.000000e+00
3.94036134000e+05	8.946979e+01	0.000000e+00
4.22688663000e+05	8.947922e+01	0.000000e+00
4.53424675000e+05	8.948824e+01	0.000000e+00
4.86395670000e+05	8.949868e+01	0.000000e+00
5.21764167000e+05	8.950452e+01	0.000000e+00
5.59704502000e+05	8.951148e+01	0.000000e+00
6.00403687000e+05	8.951541e+01	0.000000e+00
6.44062332000e+05	8.951785e+01	0.000000e+00
6.90895637000e+05	8.951338e+01	0.000000e+00
7.41134449000e+05	8.950378e+01	0.000000e+00
7.95026400000e+05	8.948470e+01	0.000000e+00
8.52837131000e+05	8.944842e+01	0.000000e+00
9.14851597000e+05	8.940574e+01	0.000000e+00
9.81375475000e+05	8.934927e+01	0.000000e+00
1.05273666900e+06	8.927997e+01	0.000000e+00
1.12928692700e+06	8.918383e+01	0.000000e+00
1.21140357500e+06	8.910623e+01	0.000000e+00
1.29949137400e+06	8.901582e+01	0.000000e+00
1.39398452000e+06	8.892526e+01	0.000000e+00
1.49534878100e+06	8.882014e+01	0.000000e+00
1.60408379400e+06	8.870583e+01	0.000000e+00
1.72072552600e+06	8.857565e+01	0.000000e+00
1.84584891800e+06	8.842172e+01	0.000000e+00
1.98007071800e+06	8.824886e+01	0.000000e+00
2.12405252200e+06	8.805341e+01	0.000000e+00
2.27850403200e+06	8.782979e+01	0.000000e+00
2.44418655900e+06	8.757491e+01	0.000000e+00
2.62191677200e+06	8.728985e+01	0.000000e+00
2.81257072300e+06	8.697505e+01	0.000000e+00
3.01708816800e+06	8.662091e+01	0.000000e+00
3.23647719900e+06	8.622715e+01	0.000000e+00
3.47181921000e+06	8.578139e+01	0.000000e+00
3.72427423000e+06	8.527791e+01	0.000000e+00
3.99508663900e+06	8.470115e+01	0.000000e+00
4.28559130300e+06	8.403215e+01	0.000000e+00
4.59722015600e+06	8.325999e+01	0.000000e+00
4.93150925100e+06	8.234338e+01	0.000000e+00
5.29010634100e+06	8.124030e+01	0.000000e+00
5.67477899200e+06	7.990631e+01	0.000000e+00
6.08742330200e+06	7.825424e+01	0.000000e+00
6.53007324300e+06	7.616559e+01	0.000000e+00
7.00491068900e+06	7.346506e+01	0.000000e+00
7.51427617100e+06	6.985520e+01	0.000000e+00
8.06068041100e+06	6.487070e+01	0.000000e+00
8.64681670100e+06	5.767881e+01	0.000000e+00
9.27557417600e+06	4.688629e+01	0.000000e+00
9.95005205500e+06	3.054558e+01	0.000000e+00
1.06735749220e+07	8.068358e+00	0.000000e+00
1.14497091040e+07	-1.572960e+01	0.000000e+00
1.22822802610e+07	-3.441525e+01	0.000000e+00
1.31753922340e+07	-4.703270e+01	0.000000e+00
1.41334472770e+07	-5.544795e+01	0.000000e+00
1.51611677580e+07	-6.128181e+01	0.000000e+00
1.62636194330e+07	-6.553483e+01	0.000000e+00
1.74462364160e+07	-6.874946e+01	0.000000e+00
1.87148479680e+07	-7.125954e+01	0.000000e+00
2.00757072240e+07	-7.326752e+01	0.000000e+00
2.15355220230e+07	-7.491355e+01	0.000000e+00
2.31014879630e+07	-7.628225e+01	0.000000e+00
2.47813238760e+07	-7.744541e+01	0.000000e+00
2.65833098740e+07	-7.844592e+01	0.000000e+00
2.85163281580e+07	-7.931450e+01	0.000000e+00
3.05899068060e+07	-8.007814e+01	0.000000e+00
3.28142667320e+07	-8.075973e+01	0.000000e+00
3.52003720690e+07	-8.136701e+01	0.000000e+00
3.77599842150e+07	-8.191811e+01	0.000000e+00
4.05057198010e+07	-8.241891e+01	0.000000e+00
4.34511128830e+07	-8.288645e+01	0.000000e+00
4.66106816530e+07	-8.332052e+01	0.000000e+00
5.00000000000e+07	-8.373331e+01	0.000000e+00
