4294A REV1.11
"DATE:     20 -100"


"MEASURE PARAMETER: IMPEDANCE MAG PHASE (DEG)"
"ADAPTER: NONE"
"SWEEP TYPE: LOG FREQ"
"NUMBER of POINTS: 201"
"POINT DELAY TIME:  0 Sec"
"SWEEP DELAY TIME:  0 Sec"
"OSC LEVEL:  500 mVolt"
"DC BIAS: OFF"
"BW: 5"
"SWEEP AVERAGING: 1"
"POINT AVERAGING: 4"


"TRACE: A"
"FORMAT: LINEAR"

"Frequency"	"Data Trace Real"	"Data Trace Imag"
4.00000000000e+01	3.697855e-04	0.000000e+00
4.30780000000e+01	6.532658e-04	0.000000e+00
4.63930000000e+01	5.917000e-04	0.000000e+00
4.99630000000e+01	5.238884e-04	0.000000e+00
5.38080000000e+01	5.084106e-04	0.000000e+00
5.79490000000e+01	5.852667e-04	0.000000e+00
6.24080000000e+01	6.451677e-04	0.000000e+00
6.72100000000e+01	5.124611e-04	0.000000e+00
7.23820000000e+01	5.205413e-04	0.000000e+00
7.79520000000e+01	5.486757e-04	0.000000e+00
8.39510000000e+01	6.010050e-04	0.000000e+00
9.04110000000e+01	5.278402e-04	0.000000e+00
9.73690000000e+01	5.369669e-04	0.000000e+00
1.04862000000e+02	6.056313e-04	0.000000e+00
1.12931000000e+02	6.660721e-04	0.000000e+00
1.21621000000e+02	6.396326e-04	0.000000e+00
1.30980000000e+02	7.699081e-04	0.000000e+00
1.41060000000e+02	7.060658e-04	0.000000e+00
1.51915000000e+02	7.229488e-04	0.000000e+00
1.63605000000e+02	5.752643e-04	0.000000e+00
1.76195000000e+02	7.296047e-04	0.000000e+00
1.89754000000e+02	6.982823e-04	0.000000e+00
2.04356000000e+02	6.589405e-04	0.000000e+00
2.20081000000e+02	7.633253e-04	0.000000e+00
2.37017000000e+02	8.205717e-04	0.000000e+00
2.55256000000e+02	9.070570e-04	0.000000e+00
2.74899000000e+02	7.712861e-04	0.000000e+00
2.96053000000e+02	9.032159e-04	0.000000e+00
3.18835000000e+02	9.953821e-04	0.000000e+00
3.43371000000e+02	9.395218e-04	0.000000e+00
3.69794000000e+02	1.080528e-03	0.000000e+00
3.98251000000e+02	1.056660e-03	0.000000e+00
4.28897000000e+02	1.197502e-03	0.000000e+00
4.61902000000e+02	1.316429e-03	0.000000e+00
4.97447000000e+02	1.367163e-03	0.000000e+00
5.35727000000e+02	1.490076e-03	0.000000e+00
5.76952000000e+02	1.523714e-03	0.000000e+00
6.21350000000e+02	1.651421e-03	0.000000e+00
6.69165000000e+02	1.718010e-03	0.000000e+00
7.20659000000e+02	1.999811e-03	0.000000e+00
7.76116000000e+02	2.005549e-03	0.000000e+00
8.35840000000e+02	2.145679e-03	0.000000e+00
9.00160000000e+02	2.299586e-03	0.000000e+00
9.69430000000e+02	2.437029e-03	0.000000e+00
1.04403000000e+03	2.608704e-03	0.000000e+00
1.12437200000e+03	2.908599e-03	0.000000e+00
1.21089500000e+03	3.044245e-03	0.000000e+00
1.30407700000e+03	3.204896e-03	0.000000e+00
1.40442900000e+03	3.483226e-03	0.000000e+00
1.51250400000e+03	3.681043e-03	0.000000e+00
1.62889500000e+03	4.055342e-03	0.000000e+00
1.75424300000e+03	4.245715e-03	0.000000e+00
1.88923700000e+03	4.531368e-03	0.000000e+00
2.03461900000e+03	4.906731e-03	0.000000e+00
2.19118900000e+03	5.322160e-03	0.000000e+00
2.35980700000e+03	5.696048e-03	0.000000e+00
2.54140100000e+03	6.071747e-03	0.000000e+00
2.73696900000e+03	6.483251e-03	0.000000e+00
2.94758600000e+03	6.992124e-03	0.000000e+00
3.17441100000e+03	7.443910e-03	0.000000e+00
3.41869100000e+03	8.108919e-03	0.000000e+00
3.68176800000e+03	8.562621e-03	0.000000e+00
3.96509100000e+03	9.252834e-03	0.000000e+00
4.27021500000e+03	9.915842e-03	0.000000e+00
4.59882000000e+03	1.066113e-02	0.000000e+00
4.95271200000e+03	1.144951e-02	0.000000e+00
5.33383700000e+03	1.232324e-02	0.000000e+00
5.74429100000e+03	1.316787e-02	0.000000e+00
6.18633000000e+03	1.420421e-02	0.000000e+00
6.66238600000e+03	1.531502e-02	0.000000e+00
7.17507500000e+03	1.641983e-02	0.000000e+00
7.72721700000e+03	1.761941e-02	0.000000e+00
8.32184800000e+03	1.902073e-02	0.000000e+00
8.96223700000e+03	2.043613e-02	0.000000e+00
9.65190600000e+03	2.188181e-02	0.000000e+00
1.03946470000e+04	2.346083e-02	0.000000e+00
1.11945440000e+04	2.523347e-02	0.000000e+00
1.20559960000e+04	2.713582e-02	0.000000e+00
1.29837380000e+04	2.921789e-02	0.000000e+00
1.39828730000e+04	3.143271e-02	0.000000e+00
1.50588940000e+04	3.381911e-02	0.000000e+00
1.62177180000e+04	3.632207e-02	0.000000e+00
1.74657160000e+04	3.907725e-02	0.000000e+00
1.88097520000e+04	4.202584e-02	0.000000e+00
2.02572140000e+04	4.517243e-02	0.000000e+00
2.18160630000e+04	4.858878e-02	0.000000e+00
2.34948700000e+04	5.217618e-02	0.000000e+00
2.53028660000e+04	5.611268e-02	0.000000e+00
2.72499920000e+04	6.038544e-02	0.000000e+00
2.93469550000e+04	6.496476e-02	0.000000e+00
3.16052840000e+04	6.980631e-02	0.000000e+00
3.40373990000e+04	7.499348e-02	0.000000e+00
3.66566720000e+04	8.065175e-02	0.000000e+00
3.94775050000e+04	8.667787e-02	0.000000e+00
4.25154090000e+04	9.321479e-02	0.000000e+00
4.57870880000e+04	1.001644e-01	0.000000e+00
4.93105320000e+04	1.076178e-01	0.000000e+00
5.31051140000e+04	1.156223e-01	0.000000e+00
5.71917010000e+04	1.242091e-01	0.000000e+00
6.15927610000e+04	1.334949e-01	0.000000e+00
6.63324960000e+04	1.433268e-01	0.000000e+00
7.14369660000e+04	1.539264e-01	0.000000e+00
7.69342400000e+04	1.653666e-01	0.000000e+00
8.28545430000e+04	1.774625e-01	0.000000e+00
8.92304310000e+04	1.905686e-01	0.000000e+00
9.60969610000e+04	2.045800e-01	0.000000e+00
1.03491890000e+05	2.194940e-01	0.000000e+00
1.11455879000e+05	2.355341e-01	0.000000e+00
1.20032720000e+05	2.526988e-01	0.000000e+00
1.29269572000e+05	2.710955e-01	0.000000e+00
1.39217225000e+05	2.908068e-01	0.000000e+00
1.49930378000e+05	3.118979e-01	0.000000e+00
1.61467938000e+05	3.345725e-01	0.000000e+00
1.73893346000e+05	3.588352e-01	0.000000e+00
1.87274923000e+05	3.848996e-01	0.000000e+00
2.01686250000e+05	4.127678e-01	0.000000e+00
2.17206568000e+05	4.429142e-01	0.000000e+00
2.33921218000e+05	4.753013e-01	0.000000e+00
2.51922107000e+05	5.099380e-01	0.000000e+00
2.71308215000e+05	5.473855e-01	0.000000e+00
2.92186138000e+05	5.875405e-01	0.000000e+00
3.14670675000e+05	6.308997e-01	0.000000e+00
3.38885459000e+05	6.775702e-01	0.000000e+00
3.64963639000e+05	7.277662e-01	0.000000e+00
3.93048607000e+05	7.819286e-01	0.000000e+00
4.23294792000e+05	8.402964e-01	0.000000e+00
4.55868505000e+05	9.030265e-01	0.000000e+00
4.90948855000e+05	9.706050e-01	0.000000e+00
5.28728737000e+05	1.043414e+00	0.000000e+00
5.69415885000e+05	1.121794e+00	0.000000e+00
6.13234023000e+05	1.206229e+00	0.000000e+00
6.60424089000e+05	1.297315e+00	0.000000e+00
7.11245562000e+05	1.395215e+00	0.000000e+00
7.65977888000e+05	1.500526e+00	0.000000e+00
8.24922019000e+05	1.614042e+00	0.000000e+00
8.88402066000e+05	1.736086e+00	0.000000e+00
9.56767078000e+05	1.867184e+00	0.000000e+00
1.03039296900e+06	2.007775e+00	0.000000e+00
1.10968457700e+06	2.161415e+00	0.000000e+00
1.19507789500e+06	2.325564e+00	0.000000e+00
1.28704246700e+06	2.502102e+00	0.000000e+00
1.38608396800e+06	2.692461e+00	0.000000e+00
1.49274698900e+06	2.896899e+00	0.000000e+00
1.60761802700e+06	3.117720e+00	0.000000e+00
1.73132871000e+06	3.354953e+00	0.000000e+00
1.86455927500e+06	3.610457e+00	0.000000e+00
2.00804230300e+06	3.885942e+00	0.000000e+00
2.16256675000e+06	4.182899e+00	0.000000e+00
2.32898228300e+06	4.502186e+00	0.000000e+00
2.50820395400e+06	4.846512e+00	0.000000e+00
2.70121723300e+06	5.217767e+00	0.000000e+00
2.90908342000e+06	5.618040e+00	0.000000e+00
3.13294549000e+06	6.049806e+00	0.000000e+00
3.37403436900e+06	6.515517e+00	0.000000e+00
3.63367570800e+06	7.017810e+00	0.000000e+00
3.91329717200e+06	7.560616e+00	0.000000e+00
4.21443628600e+06	8.146345e+00	0.000000e+00
4.53874889300e+06	8.779625e+00	0.000000e+00
4.88801825800e+06	9.464394e+00	0.000000e+00
5.26416487400e+06	1.020419e+01	0.000000e+00
5.66925701900e+06	1.100647e+01	0.000000e+00
6.10552213200e+06	1.187709e+01	0.000000e+00
6.57535906100e+06	1.282097e+01	0.000000e+00
7.08135124900e+06	1.384526e+01	0.000000e+00
7.62628094600e+06	1.495941e+01	0.000000e+00
8.21314450000e+06	1.617340e+01	0.000000e+00
8.84516883800e+06	1.749848e+01	0.000000e+00
9.52582920900e+06	1.894828e+01	0.000000e+00
1.02588682910e+07	2.053863e+01	0.000000e+00
1.10483167720e+07	2.228883e+01	0.000000e+00
1.18985155110e+07	2.421978e+01	0.000000e+00
1.28141394100e+07	2.636558e+01	0.000000e+00
1.38002231190e+07	2.875849e+01	0.000000e+00
1.48621887140e+07	3.144027e+01	0.000000e+00
1.60058755190e+07	3.444372e+01	0.000000e+00
1.72375722070e+07	3.785832e+01	0.000000e+00
1.85640513860e+07	4.179135e+01	0.000000e+00
1.99926068310e+07	4.637386e+01	0.000000e+00
2.15310935960e+07	5.174604e+01	0.000000e+00
2.31879712010e+07	5.816862e+01	0.000000e+00
2.49723501510e+07	6.600546e+01	0.000000e+00
2.68940420290e+07	7.580932e+01	0.000000e+00
2.89636134490e+07	8.847160e+01	0.000000e+00
3.11924441520e+07	1.055378e+02	0.000000e+00
3.35927895840e+07	1.298976e+02	0.000000e+00
3.61778482800e+07	1.677227e+02	0.000000e+00
3.89618344410e+07	2.349667e+02	0.000000e+00
4.19600560900e+07	3.890486e+02	0.000000e+00
4.51889992420e+07	1.113940e+03	0.000000e+00
4.86664185610e+07	1.270338e+03	0.000000e+00
5.24114349790e+07	4.048116e+02	0.000000e+00
5.64446408390e+07	2.394063e+02	0.000000e+00
6.07882131190e+07	1.689948e+02	0.000000e+00
6.54660353810e+07	1.298020e+02	0.000000e+00
7.05038290920e+07	1.047079e+02	0.000000e+00
7.59292950560e+07	8.717638e+01	0.000000e+00
8.17722657330e+07	7.416076e+01	0.000000e+00
8.80648692730e+07	6.407010e+01	0.000000e+00
9.48417061770e+07	5.599500e+01	0.000000e+00
1.02140039551e+08	4.934623e+01	0.000000e+00
1.10000000000e+08	4.375810e+01	0.000000e+00


"TRACE: B"
"FORMAT: LINEAR"

"Frequency"	"Data Trace Real"	"Data Trace Imag"
4.00000000000e+01	1.655698e+01	0.000000e+00
4.30780000000e+01	4.572332e+00	0.000000e+00
4.63930000000e+01	3.208694e+00	0.000000e+00
4.99630000000e+01	2.716334e+01	0.000000e+00
5.38080000000e+01	2.237078e+01	0.000000e+00
5.79490000000e+01	4.118848e+00	0.000000e+00
6.24080000000e+01	1.106997e+01	0.000000e+00
6.72100000000e+01	1.190880e+01	0.000000e+00
7.23820000000e+01	1.619515e+01	0.000000e+00
7.79520000000e+01	2.617223e+01	0.000000e+00
8.39510000000e+01	3.938622e+01	0.000000e+00
9.04110000000e+01	3.320844e+01	0.000000e+00
9.73690000000e+01	2.944731e+01	0.000000e+00
1.04862000000e+02	3.916475e+01	0.000000e+00
1.12931000000e+02	3.368156e+01	0.000000e+00
1.21621000000e+02	3.554007e+01	0.000000e+00
1.30980000000e+02	3.663794e+01	0.000000e+00
1.41060000000e+02	2.804117e+01	0.000000e+00
1.51915000000e+02	3.924385e+01	0.000000e+00
1.63605000000e+02	4.917195e+01	0.000000e+00
1.76195000000e+02	4.098371e+01	0.000000e+00
1.89754000000e+02	4.289681e+01	0.000000e+00
2.04356000000e+02	2.940434e+01	0.000000e+00
2.20081000000e+02	4.405864e+01	0.000000e+00
2.37017000000e+02	4.588419e+01	0.000000e+00
2.55256000000e+02	4.302183e+01	0.000000e+00
2.74899000000e+02	4.819079e+01	0.000000e+00
2.96053000000e+02	4.344585e+01	0.000000e+00
3.18835000000e+02	4.626114e+01	0.000000e+00
3.43371000000e+02	4.756610e+01	0.000000e+00
3.69794000000e+02	5.077285e+01	0.000000e+00
3.98251000000e+02	5.631034e+01	0.000000e+00
4.28897000000e+02	5.662050e+01	0.000000e+00
4.61902000000e+02	5.602324e+01	0.000000e+00
4.97447000000e+02	6.426564e+01	0.000000e+00
5.35727000000e+02	6.123752e+01	0.000000e+00
5.76952000000e+02	6.871719e+01	0.000000e+00
6.21350000000e+02	6.469590e+01	0.000000e+00
6.69165000000e+02	6.966286e+01	0.000000e+00
7.20659000000e+02	7.323459e+01	0.000000e+00
7.76116000000e+02	7.173101e+01	0.000000e+00
8.35840000000e+02	7.585747e+01	0.000000e+00
9.00160000000e+02	7.579189e+01	0.000000e+00
9.69430000000e+02	7.389091e+01	0.000000e+00
1.04403000000e+03	7.619355e+01	0.000000e+00
1.12437200000e+03	7.607141e+01	0.000000e+00
1.21089500000e+03	7.672901e+01	0.000000e+00
1.30407700000e+03	7.915915e+01	0.000000e+00
1.40442900000e+03	7.805691e+01	0.000000e+00
1.51250400000e+03	7.918621e+01	0.000000e+00
1.62889500000e+03	7.929550e+01	0.000000e+00
1.75424300000e+03	7.965462e+01	0.000000e+00
1.88923700000e+03	7.999333e+01	0.000000e+00
2.03461900000e+03	8.074331e+01	0.000000e+00
2.19118900000e+03	8.079887e+01	0.000000e+00
2.35980700000e+03	8.138888e+01	0.000000e+00
2.54140100000e+03	8.188260e+01	0.000000e+00
2.73696900000e+03	8.173926e+01	0.000000e+00
2.94758600000e+03	8.282780e+01	0.000000e+00
3.17441100000e+03	8.295342e+01	0.000000e+00
3.41869100000e+03	8.310069e+01	0.000000e+00
3.68176800000e+03	8.380379e+01	0.000000e+00
3.96509100000e+03	8.404032e+01	0.000000e+00
4.27021500000e+03	8.485007e+01	0.000000e+00
4.59882000000e+03	8.477968e+01	0.000000e+00
4.95271200000e+03	8.534190e+01	0.000000e+00
5.33383700000e+03	8.504353e+01	0.000000e+00
5.74429100000e+03	8.519470e+01	0.000000e+00
6.18633000000e+03	8.534622e+01	0.000000e+00
6.66238600000e+03	8.543207e+01	0.000000e+00
7.17507500000e+03	8.548701e+01	0.000000e+00
7.72721700000e+03	8.539265e+01	0.000000e+00
8.32184800000e+03	8.574191e+01	0.000000e+00
8.96223700000e+03	8.580656e+01	0.000000e+00
9.65190600000e+03	8.593455e+01	0.000000e+00
1.03946470000e+04	8.605615e+01	0.000000e+00
1.11945440000e+04	8.635493e+01	0.000000e+00
1.20559960000e+04	8.653378e+01	0.000000e+00
1.29837380000e+04	8.674671e+01	0.000000e+00
1.39828730000e+04	8.675735e+01	0.000000e+00
1.50588940000e+04	8.683457e+01	0.000000e+00
1.62177180000e+04	8.688268e+01	0.000000e+00
1.74657160000e+04	8.688318e+01	0.000000e+00
1.88097520000e+04	8.695606e+01	0.000000e+00
2.02572140000e+04	8.696114e+01	0.000000e+00
2.18160630000e+04	8.694518e+01	0.000000e+00
2.34948700000e+04	8.707625e+01	0.000000e+00
2.53028660000e+04	8.706265e+01	0.000000e+00
2.72499920000e+04	8.706462e+01	0.000000e+00
2.93469550000e+04	8.708803e+01	0.000000e+00
3.16052840000e+04	8.713898e+01	0.000000e+00
3.40373990000e+04	8.703185e+01	0.000000e+00
3.66566720000e+04	8.703990e+01	0.000000e+00
3.94775050000e+04	8.702306e+01	0.000000e+00
4.25154090000e+04	8.697747e+01	0.000000e+00
4.57870880000e+04	8.695928e+01	0.000000e+00
4.93105320000e+04	8.687519e+01	0.000000e+00
5.31051140000e+04	8.688182e+01	0.000000e+00
5.71917010000e+04	8.680228e+01	0.000000e+00
6.15927610000e+04	8.676075e+01	0.000000e+00
6.63324960000e+04	8.667808e+01	0.000000e+00
7.14369660000e+04	8.663580e+01	0.000000e+00
7.69342400000e+04	8.654917e+01	0.000000e+00
8.28545430000e+04	8.651159e+01	0.000000e+00
8.92304310000e+04	8.643073e+01	0.000000e+00
9.60969610000e+04	8.640459e+01	0.000000e+00
1.03491890000e+05	8.633409e+01	0.000000e+00
1.11455879000e+05	8.629112e+01	0.000000e+00
1.20032720000e+05	8.626831e+01	0.000000e+00
1.29269572000e+05	8.626467e+01	0.000000e+00
1.39217225000e+05	8.624925e+01	0.000000e+00
1.49930378000e+05	8.624327e+01	0.000000e+00
1.61467938000e+05	8.625542e+01	0.000000e+00
1.73893346000e+05	8.629972e+01	0.000000e+00
1.87274923000e+05	8.633787e+01	0.000000e+00
2.01686250000e+05	8.639291e+01	0.000000e+00
2.17206568000e+05	8.644694e+01	0.000000e+00
2.33921218000e+05	8.652314e+01	0.000000e+00
2.51922107000e+05	8.660391e+01	0.000000e+00
2.71308215000e+05	8.669669e+01	0.000000e+00
2.92186138000e+05	8.680000e+01	0.000000e+00
3.14670675000e+05	8.689443e+01	0.000000e+00
3.38885459000e+05	8.701649e+01	0.000000e+00
3.64963639000e+05	8.711438e+01	0.000000e+00
3.93048607000e+05	8.721475e+01	0.000000e+00
4.23294792000e+05	8.731189e+01	0.000000e+00
4.55868505000e+05	8.741151e+01	0.000000e+00
4.90948855000e+05	8.751638e+01	0.000000e+00
5.28728737000e+05	8.760136e+01	0.000000e+00
5.69415885000e+05	8.769244e+01	0.000000e+00
6.13234023000e+05	8.777995e+01	0.000000e+00
6.60424089000e+05	8.786465e+01	0.000000e+00
7.11245562000e+05	8.794713e+01	0.000000e+00
7.65977888000e+05	8.803442e+01	0.000000e+00
8.24922019000e+05	8.810641e+01	0.000000e+00
8.88402066000e+05	8.817622e+01	0.000000e+00
9.56767078000e+05	8.823743e+01	0.000000e+00
1.03039296900e+06	8.830100e+01	0.000000e+00
1.10968457700e+06	8.832055e+01	0.000000e+00
1.19507789500e+06	8.837804e+01	0.000000e+00
1.28704246700e+06	8.842676e+01	0.000000e+00
1.38608396800e+06	8.847784e+01	0.000000e+00
1.49274698900e+06	8.852548e+01	0.000000e+00
1.60761802700e+06	8.857498e+01	0.000000e+00
1.73132871000e+06	8.862089e+01	0.000000e+00
1.86455927500e+06	8.866638e+01	0.000000e+00
2.00804230300e+06	8.871046e+01	0.000000e+00
2.16256675000e+06	8.875822e+01	0.000000e+00
2.32898228300e+06	8.880135e+01	0.000000e+00
2.50820395400e+06	8.883564e+01	0.000000e+00
2.70121723300e+06	8.887471e+01	0.000000e+00
2.90908342000e+06	8.891246e+01	0.000000e+00
3.13294549000e+06	8.895037e+01	0.000000e+00
3.37403436900e+06	8.898536e+01	0.000000e+00
3.63367570800e+06	8.902012e+01	0.000000e+00
3.91329717200e+06	8.905261e+01	0.000000e+00
4.21443628600e+06	8.907982e+01	0.000000e+00
4.53874889300e+06	8.911173e+01	0.000000e+00
4.88801825800e+06	8.914295e+01	0.000000e+00
5.26416487400e+06	8.916593e+01	0.000000e+00
5.66925701900e+06	8.919227e+01	0.000000e+00
6.10552213200e+06	8.921763e+01	0.000000e+00
6.57535906100e+06	8.924220e+01	0.000000e+00
7.08135124900e+06	8.926477e+01	0.000000e+00
7.62628094600e+06	8.928261e+01	0.000000e+00
8.21314450000e+06	8.930182e+01	0.000000e+00
8.84516883800e+06	8.932240e+01	0.000000e+00
9.52582920900e+06	8.934451e+01	0.000000e+00
1.02588682910e+07	8.936183e+01	0.000000e+00
1.10483167720e+07	8.937524e+01	0.000000e+00
1.18985155110e+07	8.938966e+01	0.000000e+00
1.28141394100e+07	8.940247e+01	0.000000e+00
1.38002231190e+07	8.941323e+01	0.000000e+00
1.48621887140e+07	8.942010e+01	0.000000e+00
1.60058755190e+07	8.932961e+01	0.000000e+00
1.72375722070e+07	8.932321e+01	0.000000e+00
1.85640513860e+07	8.931493e+01	0.000000e+00
1.99926068310e+07	8.930431e+01	0.000000e+00
2.15310935960e+07	8.928474e+01	0.000000e+00
2.31879712010e+07	8.925901e+01	0.000000e+00
2.49723501510e+07	8.922116e+01	0.000000e+00
2.68940420290e+07	8.916810e+01	0.000000e+00
2.89636134490e+07	8.910130e+01	0.000000e+00
3.11924441520e+07	8.901184e+01	0.000000e+00
3.35927895840e+07	8.887492e+01	0.000000e+00
3.61778482800e+07	8.867546e+01	0.000000e+00
3.89618344410e+07	8.833074e+01	0.000000e+00
4.19600560900e+07	8.754231e+01	0.000000e+00
4.51889992420e+07	8.393221e+01	0.000000e+00
4.86664185610e+07	-8.428522e+01	0.000000e+00
5.24114349790e+07	-8.861009e+01	0.000000e+00
5.64446408390e+07	-8.947112e+01	0.000000e+00
6.07882131190e+07	-8.985938e+01	0.000000e+00
6.54660353810e+07	-9.009538e+01	0.000000e+00
7.05038290920e+07	-9.026158e+01	0.000000e+00
7.59292950560e+07	-9.038503e+01	0.000000e+00
8.17722657330e+07	-9.047879e+01	0.000000e+00
8.80648692730e+07	-9.053220e+01	0.000000e+00
9.48417061770e+07	-9.054982e+01	0.000000e+00
1.02140039551e+08	-9.052091e+01	0.000000e+00
1.10000000000e+08	-9.044627e+01	0.000000e+00
